canny-img1-2 -727515.0 7815400757245.0 6.546339878485238e+17 2.0758002600118684e+16 1.3941765694351715e+33 -3.830639282324337e+22 -1.977790111441212e+33
canny-img1-3 -568174.0 10856870657104.0 9.832939655877427e+17 1.659475990561444e+16 1.0893867012767877e+33 -3.37250065821401e+22 -1.8184763128716892e+33
canny-img1-4 3291240.0 698442518301728.0 4.734201406582285e+19 5.403694803716009e+17 -2.4072750982872188e+36 -1.4130705583286736e+25 -1.2942186561024946e+36
canny-img2-2 -1058613.0 20985037145293.0 1.790131067877311e+18 4.407941040129226e+16 5.183032711699082e+33 -1.1305665164941242e+23 -1.1245168926220686e+34
canny-img2-3 4676890.0 550883401995748.0 3.4769017629472776e+19 9.14208910221361e+17 -4.3711933471221097e+36 -2.110186530909242e+25 -2.731085469235595e+36
canny-img2-4 -372168.0 12608973607460.0 9.993407602512059e+17 8685600791088890.0 -8.0759142961643e+32 2.019802808651915e+22 -5.1018658446676235e+31
canny-img3-2 -708606.0 18394625721224.0 1.6006466519441981e+18 2.102543948630437e+16 -1.1395388096153296e+33 -8.703980643088981e+21 -3.6849663907348096e+33
canny-img3-3 -935513.0 13922097842861.0 1.2381735152623158e+18 3.621356083397918e+16 4.1627769377841105e+33 -8.620848130724485e+22 -6.440008419605602e+33
canny-img3-4 -315065.0 10852929585365.0 8.38723468922054e+17 7291430681483178.0 -5.566666742561141e+32 1.8841952369325568e+22 1.2349987027599944e+32
canny-img4-2 -957548.0 13391316517664.0 1.1583835016697828e+18 3.840303989826538e+16 4.715628793051575e+33 -9.344486878813394e+22 -6.58556703795963e+33
canny-img4-3 -1154946.0 16688992378664.0 1.4488597653566024e+18 5.629931960290056e+16 1.0145190512634679e+34 -1.603528406161938e+23 -1.2474770529676054e+34
canny-img4-4 -172018.0 7974162021440.0 6.159717825664922e+17 5277894103444418.0 -1.2217494633549514e+32 1.4891531737931822e+22 2.750174927615988e+32
canny-img5-2 -813008.0 13844934784832.0 1.1695476892711578e+18 2.561005768963208e+16 1.2194670778141216e+33 -4.485393246333554e+22 -4.261195869088052e+33
canny-img5-3 -1019348.0 20976589787508.0 1.7917139658253763e+18 4.193522254070069e+16 4.675810512075004e+33 -1.0636637732184159e+23 -1.0500859177826524e+34
canny-img5-5 -317708.0 11625883823012.0 9.499162489496282e+17 7206609558530842.0 -5.8732543631206414e+32 1.8852805752998853e+22 1.0286158229635656e+32
canny-rotated-img1-2 -3498398.0 12916791023812.0 1.4065709148987684e+18 1.360595301945621e+18 1.882236645296555e+36 -4.889871701364838e+24 -8.328163610543883e+32
canny-rotated-img1-3 -3185673.0 10198098619649.0 1.1320415192930511e+18 1.1069590143163622e+18 1.2391178906371267e+36 -3.5348905808024007e+24 -1.059068991041956e+34
canny-rotated-img1-4 -1824126.0 3560434467460.0 3.503430880920997e+17 3.421713346892545e+17 1.18470908404349e+35 -6.456176891519634e+23 -1.7870343554648283e+32
canny-rotated-img2-2 -4764357.0 23036741633161.0 2.5169474126424064e+18 2.4149730466926956e+18 5.95348031050695e+36 -1.1590091400973912e+25 -7.5133091606814e+34
canny-rotated-img2-3 -4478990.0 20336560068068.0 2.3361057009950925e+18 2.245768300466706e+18 5.143520860092749e+36 -1.0126740049253952e+25 -6.356359501814013e+34
canny-rotated-img2-4 -3771293.0 14395684367425.0 1.4369908269211556e+18 1.419885668676524e+18 2.0281826419628916e+36 -5.387279816268566e+24 -9.683987542000959e+30
canny-rotated-img3-2 -4778329.0 23705424138857.0 2.649447422015194e+18 2.522560245503194e+18 6.520489394043157e+36 -1.2280848875945942e+25 -1.0819645158662005e+35
canny-rotated-img3-3 -4882598.0 27153459787280.0 3.115031136045005e+18 2.978654917016108e+18 9.072586570523972e+36 -1.552129888608111e+25 -1.072864251313214e+35
canny-rotated-img3-4 -3502311.0 12451413407281.0 1.2350467184646216e+18 1.2387467374539735e+18 1.5321413974456456e+36 -4.370951721992328e+24 1.3408967124391526e+34
canny-rotated-img4-2 -4422047.0 19973477293717.0 2.2736110495197655e+18 2.1948193920427912e+18 4.9025331806187453e+36 -9.808450211218404e+24 -6.288677683503865e+34
canny-rotated-img4-3 -4655184.0 22009800355220.0 2.529187951928963e+18 2.40661274392536e+18 5.936630625647095e+36 -1.1288920195301694e+25 -9.85590520006749e+34
canny-rotated-img4-4 -3069269.0 9532867846329.0 9.281719686554934e+17 9.005271569951063e+17 8.232687480339534e+35 -2.780296151641254e+24 -7.457252747966226e+33
canny-rotated-img5-2 -5108410.0 27999988247360.0 3.0023922936499497e+18 2.9382213063110226e+18 8.72686474904967e+36 -1.5547400475435957e+25 -2.7957652883404144e+34
canny-rotated-img5-3 -6094051.0 44125594701245.0 4.848778145170513e+18 4.668940764426976e+18 2.2214864454811084e+37 -3.1009888365992696e+25 -8.925231356060003e+33
canny-rotated-img5-5 -3361028.0 11433496536808.0 1.1309271085055936e+18 1.096926996598856e+18 1.221705977988205e+36 -3.7089402464871355e+24 -1.0872007384375533e+34
